0.03862794084277177
0.22563371427915851
0.023378483305358876
-0.2229931066749149
0.16861437523677422
0.2031567468515213
1.239822463526341
1.096906454532976
1.2314691817692827
1.142589622673538
1.0653157613435844
1.1274179908823214
0.0
0.0
0.24448691832560673
0.0
0.0
0.0
0.0
0.0
0.0
0.0
0.0
0.0
-0.3147739095249705
0.3778134792277274
-0.33794985631605
0.05667083282359414
0.1563076348500703
0.3429416815081437
1.4372693061629938
1.3960328702883922
1.3857780962299815
1.414543994685865
1.6059344747797955
1.4264289033245274
-0.36000000000000004
-0.1770171715889431
0.0
0.0
0.0
0.0
0.0
0.0
0.0
0.0
0.0
0.0
0.21109249188230111
0.44551586294902046
0.29854333392027227
0.2745471256415777
0.3408385240094019
0.25601649260313564
1.5601500762452354
1.4141833981435212
1.5155628418617995
1.5802556717925662
1.3885569461349754
1.5531823886868568
0.5814831350761327
-0.16467997469094112
0.0
0.1962223628281049
-0.6619657499083245
-0.2
0.0
0.0
0.0
0.0
0.0
0.0
0.22210468186997512
1.230748567152261
0.23355973762053406
0.20064275760578987
0.22556645098053257
0.14234616232607464
1.4174753227138428
1.441559860535522
1.3961846655535082
1.4118279379225236
1.2809562867732693
1.2309060663736084
0.6248497515588848
0.0
0.0
0.0
0.0
0.0
0.0
0.0
0.0
0.0
0.0
0.0
0.16054876105645643
0.21210983224865276
-0.12865773017572518
0.3830171779228251
0.09116578823175478
0.21726462195505342
1.5073261307269956
1.515986579190307
1.3578147597642094
1.3998553612259088
1.2562610545897526
1.4633991895148373
-0.2
-0.17525767324019204
-0.2
-0.2460443732499439
-0.25223342122394754
0.0
-0.12114755728457614
0.1606278648088536
0.0
0.0
0.0
0.0
0.07300195539974548
0.01771353207618881
-0.02775692994186578
0.1271281709770003
0.04606976017673023
0.016606483338470118
1.499033004788342
1.5642981421852171
1.3132876650234344
1.3396653385319215
1.4978157977254978
1.4543367329001007
-0.5056267994462794
-0.1879855777956928
-0.5511901150359086
-0.36000000000000004
-0.7134701161060581
-0.2586442446049759
0.049731080358322216
0.0
0.0
0.0
0.0
0.0
0.48839441461181066
0.3488156590586068
0.37330042587791995
0.3454627161594026
0.2924252629939001
0.6528194849976096
1.4260143818558
1.4222281766868554
1.5876446040555028
1.496365092427693
1.3705827329104319
1.5600306184669068
0.0
0.0
-0.2
-0.034577386521842106
0.21447002397788495
0.0
0.0
0.0
0.0
0.0
0.0
0.0
0.2632238027794035
0.1640668248424258
0.29573761690712963
0.09295704002517688
0.6419639185578382
0.3447824649284171
1.525975374658048
1.3490885998193247
1.590181826907863
1.549391241687954
1.4162254889642731
1.5474380167060091
-0.2
-0.2195623897849326
-0.2
0.08024452936397533
-0.3744127707657301
-0.1260667093670882
0.0
0.0
0.0
0.0
0.0
0.0
0.09477568110208495
0.01977873689808407
-0.06269360760108078
0.05433498428375984
-0.22737065411127722
-0.001103207288394803
1.1343621069766723
1.2896903901276546
1.2087422295905699
1.2830011781562238
1.2101670301348204
1.457350344355171
-0.36000000000000004
0.4605037049170126
-0.10048942035771063
0.0
0.0
0.0
-0.05837274364857925
0.0
0.0
0.0
0.0
0.0
0.48876125576567137
0.09304154393509484
0.14516558064610113
0.10931360264420306
0.29663910858098036
-0.3252153478658725
1.327647062539933
1.312173618656907
1.1695161993616288
1.2718694589404909
1.2160598372912124
1.3547630283432408
-0.2032
-0.04454144440370116
-0.36000000000000004
-0.36000000000000004
-0.10605528736483497
0.10946962377115682
0.0
0.0
0.0
0.0
0.0
0.0
0.17931821897706599
-0.4281079473278193
0.1665265732106198
0.28592946011431464
-0.416203478484994
0.006399294225379951
1.5353315518055697
1.4667902401342854
1.3617161914725744
1.279514653507127
1.2757888160638622
1.1223993826784362
0.0
0.0
0.0
0.0
0.0
0.45235995210032587
0.0
0.0
0.0
0.0
0.0
0.0
0.05868219343885972
-0.21569703816978963
0.10945541235753409
0.5383765853301354
-0.012561764265820737
-0.02270180283314016
1.3736559256662233
1.0984566417006079
0.9504761958726572
1.0540918561500912
1.0095265700785123
1.0146998307609805
0.0
0.5639626853904418
-0.4608710716476645
0.0
0.0
0.0
0.0
0.0
0.0
0.0
0.0
0.0
0.3301847202000958
0.44450212307978776
0.46090091591718385
0.4345133420685717
0.3725046729124557
0.19889081328138808
1.2784776821906159
1.3199808003429092
1.2176384986219275
1.3485708317458014
1.3600217716790324
1.3248643396924555
-0.36000000000000004
-0.2
-0.04611971849124755
-0.2
0.2084222077356446
0.0
0.0
0.0
0.0
0.0
0.0
0.0
0.48227240502124
0.34487433506974546
0.9183175872441953
0.4127357001561124
0.41920017058617975
0.4222493118527258
1.3631532536848139
1.36178187313291
1.5055752184167703
1.3800186760943813
1.3507635423121103
1.3660912935930123
-0.2
0.021324458453295225
0.0
0.0
0.0
-0.22437343729637985
0.0
0.0
0.0
0.0
0.0
0.0
-0.26847127954341826
0.33429864194512493
0.3068895765696422
-0.1740613947093989
1.177572704932299
0.27955410266366837
1.4908750864848341
1.5525265339134322
1.0275263344213468
1.443566971169723
1.4677521716822202
1.5786574000580473
0.0
0.0
0.0
0.0
0.0
0.0
0.0
0.0
0.0
0.0
0.0
0.0
0.45775625056169006
-0.10606348535474797
0.24344839694277703
0.26672870065795007
0.4730785578706804
0.33135163382087074
1.4661157508376466
1.531056616658341
1.3666156334432065
1.5037463127560755
1.4519946474731917
1.1777566594983815
0.0
0.15303440503978177
-0.2
-0.2
0.0
0.0
0.0
0.0
0.0
0.0
0.0
0.0
-0.11444922950636532
-0.2091239787878043
0.3293598742065667
-0.053351720190997445
-0.12631729650272716
0.013482020849515053
0.9566282600294339
1.3585989631762072
0.9386175216017035
1.0266018133273949
0.9198136878516354
1.0095901246244146
0.48458524569263023
0.10568899465747947
0.2574582776280887
0.20226541378768187
0.1319363360187401
0.02348111719363813
0.47316961287000997
0.0
0.47358532255937713
0.0
0.0
0.0
0.07155353505335174
0.026468740372403987
0.07505876697947073
0.1287389440349882
0.14662852800987403
0.6057617735060035
0.9269421932017917
0.8039656040669283
0.9038576896459652
0.8713509581763057
0.929960197300097
0.9288846418647614
0.5244826729423823
0.10205380754448001
0.31133227255908136
0.2324414279066494
0.1385810999410877
0.06390336035029104
0.3684371452911239
-0.07785872997205495
0.3876568324690468
0.0
0.0
0.0
0.09237087240113126
-0.054054845348806
0.11657359690001709
0.4993158787993707
0.020026068733167868
0.11725994087160357
0.849925097749813
0.8836518821690225
0.8687441795310287
0.8764999215485467
0.897024372894605
0.8894685953793342
0.9528665248196044
0.31998773102708483
0.5246005145541618
0.8831944038922009
-0.20396665633656427
-0.6108755114768212
0.363003732718918
0.0
0.0
0.0
0.0
0.0
0.02698777537773106
0.45247352683568987
0.16480218493480392
0.10634647632412295
0.1658228928316874
0.0844102906795218
0.9278628230017792
0.9204121122131249
0.910663290999121
0.8858386303297254
0.8725778431642733
0.972718559592796
0.15861556560575926
-0.3532797669360199
-0.030932476388535773
-0.12383472925298158
-0.045060882215823855
-0.2870862355666389
0.0
0.0
0.0
0.0
0.014285840972294751
0.0
0.06283398587395744
0.011155713649396382
0.06481532607651933
0.08934449823296162
0.37819942524552136
0.08814340254486153
1.2445469223507726
1.4699827656886224
1.253178595199438
1.0507607461779938
1.3249408265954328
1.3288344463980057
-0.24754290621543684
-0.39049324699634413
-0.33262828175864456
-0.2145722346598796
-0.46582578998293567
-0.10826517551328362
0.0
0.0
0.03749441196043865
0.0
0.0
0.0
0.23110645379826064
0.3793835823881262
0.4242945052900889
0.4163759783467381
0.5728481335978548
0.30167058124884705
1.3646017425433619
1.4433758867379016
1.5361762078669383
1.4962351029055574
1.3572160989565805
1.4698873710514893
-0.08660151362383489
0.023450231265722946
0.05525397612877088
0.06332770923081005
0.0
0.30043132566413233
0.0
0.0
0.0
0.0
0.0
0.0
0.32920578092548886
0.5373190157854925
0.4050921388015078
0.4773731497327953
0.4606417379658994
0.4587084265062154
1.8708578718133024
1.7799964853263015
1.86961114995186
1.4588658620862545
1.799260279599777
1.8177882576936788
0.023791246410527656
-0.05475540683876706
0.10943248429295216
0.27161692962080775
0.13846475049374346
-0.028650193008923998
0.0
0.0
0.0
0.0
0.0
0.0
0.4563191854978937
0.24654078343353003
0.350770678664047
0.2556165456936065
-0.04806794847370499
0.24069889715976434
1.5061299075830752
1.1118593694144605
1.4945626578195845
1.4558202742157216
1.3122755480316657
1.2529669387313886
-0.1679630795202958
-0.17085983093993384
-0.23745080570582502
-0.07107440799549802
-0.23161389876609897
-0.2963045726372696
0.0
0.0
0.0
0.0
0.8138473333828575
0.0
0.11256526768607586
-0.009571270256212988
0.07830233070076756
-0.10084097282989726
0.731929331379518
-0.04157844688258816
0.7503299182021597
0.7109782445472879
0.7810289388744874
0.669270157471369
0.711734756662068
0.7875778239188946
-0.14240889424112516
0.4845749861282125
0.033587767025611774
-0.1207431736663276
0.3424591161051862
0.5255200508209634
-0.10048942035771063
0.0
0.0
-0.2
0.33936152295636457
0.0
0.11023306829423629
-0.02598919040043879
0.5911477390125219
0.1272614982183744
0.11607064220193836
0.0461868601141255
1.047165028326391
1.1150483189170532
1.15693543901989
1.146756800279851
1.101695479930059
1.1603563190586534
-0.2
0.1036735991600375
-0.5215375928588115
0.4094873350669832
0.25095919288137597
0.44693464910561664
0.012667541815286355
0.0
0.0
0.0
0.0
0.0
-0.010986295165702459
-0.06558480938910793
-0.05323285878833425
-0.00450380159574329
0.7172187495660023
0.03819033072177769
0.9129869597882833
0.942385096587195
0.8511195222813768
0.9050950396851138
1.0141983010407825
0.9259844080618501
-0.1410679063935977
0.5281368507557512
-0.12088791644728532
-0.27467101044798553
-0.11025234518177227
-0.3778370786832218
0.0
0.0
0.0
0.0
0.31917215622225237
0.0
-0.12088537724468418
-0.046841685040344555
0.7195781156310878
-0.17745852427621062
-0.04662219351196989
-0.08429297228524901
0.7577044799040388
1.2306483283022924
0.7826439567615396
0.6949416042943142
0.8352446462479045
0.7418904492671907
0.06358307846711493
0.3711161881859038
0.47897421847565136
0.00405065917227061
0.3640228957082079
0.34521653472545055
-0.0956549095018072
0.0
0.0
0.0
0.0
0.0
0.23832893991424497
0.22914622888325978
0.16393809639098714
0.19034039667064928
0.2137244656925643
0.746638241103645
1.062353917328606
1.099673209977558
1.0693389588969857
1.45630103092972
1.086357883200668
1.053244724899539
-0.19281163918302816
0.3045430158399364
0.052727032736483326
-0.23239815874418085
-0.17747003029007913
-0.5302820534210949
0.2496929317694393
0.0
0.0
0.0
0.0
0.0
0.17480548027322934
0.07263903998974375
0.12620206342383927
0.07106383078085363
0.6330281422185421
0.23020604507246448
1.1547100277812286
1.179709175726216
1.1094013131716758
1.2304848679745315
1.2178398245337427
1.114424461551262
-0.5507522446409204
-0.39073918839542304
0.2522701437701619
-0.555142443026702
-0.45398245756813804
-0.9877701708437971
-0.2
-0.04753683360534666
-0.2337511146961429
-0.2569163792036326
0.0
0.0
0.12070952055425435
0.38647523703419
0.2593055569648183
0.23540376737919513
0.3010909083522078
0.20264271645949938
1.055223620821944
1.054324536896666
1.1578852541898081
1.121462321706129
1.0676832086578507
1.19829474507852
0.18471674266434968
-0.28202415229983924
-0.12748170843157947
-0.22402645915544495
-0.14167553798170504
-0.3110677475999175
0.0
0.0
0.10188751154561544
0.0
0.0
0.0
0.28035013414005583
0.2829505073631254
0.6307883972813848
0.07253944805955784
0.29034517801978943
0.28460273608556863
1.644416041341302
1.620963287625325
1.5261154844079374
1.5368640267602285
1.3719957079403107
1.1502308089105067
0.026683610596630027
0.04123501239510924
0.6998488948798582
0.0
0.02726063374581722
-0.1969348670453785
0.0
0.0
0.5419717099380436
0.0
-0.12357030918659073
0.0
0.26177117276494355
0.26451737549782994
0.33788198770502975
0.32373595320103293
0.8003502378734136
0.2189677462916651
1.1250982966664345
1.2117974473911972
1.121860933693605
1.1631114011331127
1.1511499336258082
1.1532163580295292
0.21024272533265626
0.27223603278327024
0.2863410882463864
0.06162987464796288
0.20827648050017117
0.45446753129538625
0.0
0.167121312764401
0.0
0.5802966952855231
0.0
0.0
0.2553262190517771
0.23499134119554704
0.18937722096042442
0.18333200466100863
0.23238768120638173
0.9737779922747152
1.1536890633581696
1.1142385685500171
0.9671776527778605
1.0780310633596313
1.0975869233958873
1.0092241687150085
0.4534018385871317
0.4053119990944676
0.2594688424885079
0.6811992941717792
0.5684531492812646
0.4344402747016425
0.0
-0.0955249475318799
0.0
0.0
0.0
0.0
0.22679235711068627
0.20575407986711086
0.28989977059825933
0.4395595237546559
0.23180367054238188
0.2126139880831443
0.9058752361922294
0.9870073555030152
1.023077055588295
1.0574652120353938
1.043649987958525
1.0302565498360206
0.6120414405621604
0.4077044494455526
0.448196051500357
0.5213150423626085
0.47287958001789776
0.29607275848018
0.8513302910812128
0.3176255419967835
0.0
0.548841477865523
0.0
0.0
0.05881006125334784
0.21694809755900119
0.11307617828000463
0.03773581099789289
0.641947396701094
0.07152765971018701
0.9631383450699371
0.9492244176370922
0.8533538237176812
0.939422373587989
0.9161357208891014
0.8943827405614432
0.9242356226279449
0.7487174611731858
0.8129441928461743
1.0736927543862287
0.7601158140020196
0.9069588867014283
0.0
0.5064978456607809
0.0
0.13357733111638867
0.0
0.0
0.3570755987680662
0.3556693487786419
0.3466271011305423
0.8995914419505437
0.3200788162923653
0.3457198904436982
1.3344647129881642
1.2751040882551954
1.219723520534621
1.2069040561476456
1.2559807739917122
1.311370521842956
0.029593281649761202
-0.2552147896131743
-0.16115083290816673
0.0014959407441182682
-0.06994569087899549
0.08541433941106798
0.0
0.0
0.0
0.0991119830520178
0.0
-0.014531789114477472
-0.07251631381420652
0.07045819528060096
-0.1158021029994742
0.9662371652290471
0.010314258569795953
-0.04151466712033017
0.919512885601492
0.8127764089735653
0.6150694142226781
0.7975499420248539
0.802056246892738
0.8345809179826306
-0.14724175113776533
-0.21828908105645722
-0.10122247145819238
-0.37394704725375405
-0.18546714989608443
0.37494959977517234
0.0
0.0
0.0
0.9449714997868924
0.0
0.0
0.17075124058699734
0.20735585820692168
0.07523182335927397
-0.06132361462508651
0.09623761871320452
0.8031805099271646
0.933488366281017
0.9435347819651345
0.9239201754754286
0.9830100077546078
0.8462179414959317
0.9803935852954622
0.2004951844772752
-0.19567209113457723
-0.13511098817698927
-0.25152687336549284
-0.23556732469271008
0.006070928832102501
0.7903380684152371
0.5651912073576965
0.0
0.0
0.0
0.0
0.3301291882110204
0.9201229043208207
0.37467849920238794
0.30273391493217094
0.37586668171646265
0.2946465618477104
1.3066285243725997
1.3671307304769194
1.3198149751342634
1.438663716120536
1.4459199745293592
1.4168349461101377
0.04481076926131686
-0.2627256077965564
-0.11346905027327919
-0.0691206588750771
-0.010825146740669034
-0.18835330723086147
0.0
0.7669571561644704
0.0
-0.037896130937565366
0.0
0.0
0.024897506119053947
-0.0998845248715059
8.600765677104216E-4
0.10378897631662015
0.8836959277980464
0.10597670256014222
0.6772938849492575
0.7319376880796828
0.725174640530307
0.5898288201890672
0.7591243106546713
0.7453988505317876
-0.13372024927655685
0.4131663492193397
0.4045090789090035
0.36712054420587525
0.3984646921781626
0.42362115258319044
0.0
0.0
0.23822363844467073
0.0
0.0
0.5503403193492609
0.05624174905926904
0.12182768991211484
0.11206039313291427
0.4798001090510704
0.12982168927720927
0.06845818325174696
0.6635796747768766
0.794826057950106
0.7624445722950675
0.6230372845135439
0.7511388839564058
0.7712846786305556
0.2804543754258156
0.25342862638915264
0.4139055694086713
-0.07042932816433581
0.3296247062021587
0.44331243819820354
0.0
0.5724194649340267
0.0
0.0315039882610987
0.41170442412010033
0.15348306826981478
0.1943938581710614
0.1679666941594828
0.14413122704799503
0.17871997432389378
0.26632374162931105
0.3892306910423685
0.9224039721365085
0.821904020021567
0.8597098663784588
0.8821261572228226
0.8895023434210203
0.8504416635026998
0.3471905445312525
0.31135671773522733
0.3233322214277103
0.22848944657437198
0.43855408164563636
0.39610742627778167
0.17876898722054776
1.0947451274457374
0.0
0.0
0.0
0.5786031484307483
-0.034862724189042404
-0.09117323455805654
-0.023905370836134338
-0.07970267454141763
-0.1095410019104717
0.5303100240517322
0.647602202620449
0.734514216701341
0.997561479778179
0.7376751848961743
0.6693863961109983
0.64914135304948
0.09916593455971039
-0.0754181464273764
-0.07246035405535195
0.18030036195951213
0.03902396237264523
0.3067942759275901
0.0
0.0
0.0
0.0
0.0
0.9233470827721283
-0.09266891244923245
0.059290517528162806
0.06220097838217584
-0.04896472407978533
0.6061917189875632
-0.03990390479960371
0.9240855844254817
0.9672389851746617
0.9355134206184675
0.9272340087781379
0.9786781649988192
0.9006475148395594
-0.0502299944059324
-0.476348491379854
-0.24329516510296484
-0.4726710579050566
-0.2516694138209252
-0.22322436716776597
0.5612756216738863
0.5575320026055058
0.0
0.0
0.0
0.0
0.9351064707000487
-0.0964376511906598
-0.008039942146236045
-0.09769505990324784
-0.21017823914539868
-0.08843748268390501
0.9719287880816967
0.902478635256558
0.981043908115454
1.0190798676544213
1.0189542663129127
0.6206885409086538
-1.1945285083823667
-1.0041129648858633
-0.9712601746635601
-1.0442287556552603
-0.7485382862460773
-1.1600718298165846
0.0
0.0
0.0
0.20986037067133162
0.0
0.5554669419579904
-0.3198707044272293
-0.3036089075016371
-0.3083298536923962
0.9086653714408104
-0.18474548135845073
-0.17457185410667653
0.9945323167664084
0.9224975095231472
0.9222820882952434
0.955787689505944
0.9619646783933146
1.0307758122216388
-0.5709054240265209
-0.9684789780042612
-0.8494317154392288
-0.7040733964892019
-0.7618958055533378
-0.9052681705876533
-0.031875997804886515
-0.021975155387907508
0.004421267863948349
0.0
0.0
0.0
-0.026968623077215703
-0.12617991047266605
0.4653772441890563
-0.10482746112454634
-0.019930077551617464
-0.2881084851592246
0.9148335510279106
0.8761543229393198
0.943460094092989
0.830465966724077
0.988313608213292
0.9815401790496947
-0.06062730735650372
-0.260583550418837
-0.18105043915955246
0.04124948628185201
-0.11647863367623765
-0.0599978171482657
0.0
0.0
0.5471055414829762
0.0
0.0
0.0
0.34895658792967466
0.37916236125521297
0.25585777843565316
0.8356575472857954
0.2921994405500343
0.38951125336148595
1.1201325682628163
1.1976496571259034
1.1414796917302616
1.1472537432780745
1.1757305177746
1.120287027757972
0.7598971736660465
0.7674586397271923
0.5916952520684838
0.7174386135627776
0.4438043454413907
0.5260332655142579
0.0
0.0
0.0
0.0
-0.14386911023073454
0.0
0.18615246617667763
0.25661664636738307
1.2451825449455118
0.14697993471059834
0.14960011279989308
0.015878264932355612
0.8595007848319534
0.9461615012068243
0.9582004481882498
0.9585493514155881
0.8926938604386441
0.8634638685680556
0.46182339325312305
0.571085154224928
0.48208233363977515
0.5918359125497611
0.3752768737731939
0.30841642587231244
0.0
0.0
0.0
0.8575187059418652
0.1541421282581813
0.0
0.3097922925905577
0.19505923435454814
0.004578920323541763
0.21805914690262784
0.03970100085364053
0.2058720188384931
0.9827595183103385
0.9999339574344676
1.010905905130443
1.0031658153883631
1.037365187645461
1.050895115839082
0.6623427754067635
0.6399752135134138
0.6118278561311925
0.316193994783748
0.6109696537371054
0.5386552124479367
0.0
0.0
0.6963419331816885
0.0
0.0
0.0
0.6825135390241317
0.3743666478567973
0.16593312739518407
0.37273677731086563
0.37657680235539903
0.3809931084912837
1.0486531223576137
1.055953072658005
1.0402331209595945
1.0678948940856456
1.0212255271457964
1.0207504200270443
0.6594890234243256
0.6102945001183223
0.7588751910593166
0.6010984419805497
0.4421768927517161
0.5727204424358724
0.6830251665024899
0.0
0.0
0.0
0.0
0.0
0.1980540147960503
0.1385000241623875
0.24470377560847986
0.277071520701256
0.179950889523042
0.9921512085576861
1.3123556400485763
1.1611984481834419
1.2613132107713334
1.2850439941682994
1.1448168606749285
1.2577730879296012
-0.1151162481337982
-0.17447814766045583
-0.2877090410589339
0.5758788290423282
0.07002597809978625
-0.24764709510741817
0.0
0.0
0.0
0.0
0.0
0.33327205055309883
0.11730604293454983
0.12087644176862948
0.08921274808877361
0.6099269151945591
-0.013699280883186643
-0.029973812038251807
0.8682296162183406
0.8421724284248937
0.789287667434399
0.873661847284862
0.7748312121832579
0.8125440465552451
-0.31104725889671875
-0.5241681925874673
-0.5177083528402627
-0.33093596466077957
-0.05634935497512886
-0.36583828021526055
0.0
0.0
0.0
0.0
0.0
0.6466770686044364
-0.13889900396287883
-0.051420992490272155
-0.06654258882479247
1.1399203900172856
-0.020074279057547717
-0.02016373277972261
0.6700917759828882
0.7709722185200051
0.7215865022187054
0.6869539063522669
0.7031723874089427
0.6755291731924133
-0.4276247502727259
-0.36162346221588526
-0.7188952750190243
-0.6288647195141652
-0.5624392598358792
-0.5170858837186322
0.2065357890205356
0.0
0.0
0.0
0.0
0.0
0.6465165321431068
0.05442722031736688
0.05742112854713022
0.08522639904217477
0.15411416621634288
0.024846042855592998
0.9702602884025963
0.9700975329122622
0.9493712175279879
0.8797903378079831
0.9437476220607016
0.9918201593703024
0.3948330833720055
0.027094945865451164
0.2600656231540349
0.16834883771989773
0.04601940504872709
0.19472710302092072
0.0
0.0
0.09468114593503715
0.0
0.22755171365289453
0.0
0.05819809571579246
-0.017180806406432353
0.09693352595487864
0.8644512359407521
0.022275150539289773
0.0816938449276138
0.7615976176132615
0.8009366979536793
0.5921745596126595
0.7825708692578784
0.7305992394222707
0.8171523679010878
0.3352909303963904
0.29025589794078144
0.49532449123253747
0.17925583970619507
0.37014853861614294
0.8344401112499547
0.0
0.0
0.21072402920214534
0.029952362770418753
0.0
0.0
0.08551052168291769
0.8492356238257297
0.05403129486442626
0.1526427173644065
0.021596028350363478
0.10043543034512473
0.906856261357979
0.8809193731133864
0.7580699660119655
0.8322587542608272
0.8138287303866358
0.8241647166186149
0.4278965791518091
0.43110331437851857
0.38726424873758314
0.19055145787821276
0.44943241268993567
0.39008190019432676
0.23738526483463407
0.5983926560808476
0.0
0.0
0.0
0.6464224342141565
0.05289684646616305
0.03372941159301199
0.06991960543942442
0.9327061334769597
-0.04997220016130577
0.09035884130309191
0.8995042351052855
0.8564387392439949
0.8627466193497387
0.8890245942205737
0.8860382018262257
0.8942269958030338
0.2559613590532084
0.4860504675171257
0.22169135109836796
0.4197128385159606
0.43043048141406476
0.16056606270477586
0.0
0.6141665808601481
-0.006815646814654897
0.0
0.0
0.0
0.18913514101855483
0.18255464344620664
0.058182682261248175
0.18624349212627186
0.20044493735911167
0.8217236597088698
0.905418062247065
0.9414747822516764
0.8645467886742257
0.8575333345041297
0.9449843095496021
0.9642937642472346
-0.15502698820550895
-0.012366377667952289
-0.14843321214127858
0.012949230554501728
0.09998392334130478
0.10836589399185753
0.31546831428651134
0.0
0.0
0.0
0.0
0.0
-0.07724613636229244
0.06182217734025952
-0.007832027946636524
0.3513793682437874
-0.055630570001383384
0.050038550751452526
1.1872518604623197
1.2397528437501648
1.354559003276004
1.1905467356531174
1.2068879157086583
1.335666633460419
-0.19993472685447577
-0.377737103989621
-0.28413085725147824
-0.22084987581222154
-0.1967754035325238
-0.34658177329346473
0.0
0.08758969830119656
0.0
0.6726695934522713
0.132076957594707
0.0
0.1460369346890282
-0.07723376331426884
0.1482695757146525
0.6844175670108495
-0.008475358550933842
0.14769881132188956
1.143312223006264
1.2202411625134841
1.2863563911203946
1.3116329137524743
1.2826920127506245
1.144624967835621
-0.20773455656659634
-0.3181715753716398
-0.1943008194002475
-0.39125857846269807
-0.2975803151312655
-0.18840223089675015
0.0
0.0
0.0
0.47611482868873967
0.0
0.2986083362232685
0.00796672598283682
-0.10189119710434157
-0.27269643050136083
0.2893243594344109
0.00880216981587642
0.009832377173094764
0.8935201056285832
1.2943742713661326
0.8750609265917427
0.8606393091323469
0.9757962915659316
1.02216417977522
-0.037730466892791845
-0.19926404371036732
-0.23032432853618034
-0.2167520677229272
-0.5053546208231898
-0.2528601568958392
0.5275649502448538
0.0
0.0
0.5171528792191767
0.13277156232108386
0.0
0.0802326558700027
0.05207555244098874
0.059346089898474785
0.7041312480683074
-0.02152485893150871
0.08028487651085332
1.1566923625214713
0.8238387395716255
1.050957448522506
1.0219167833043852
1.0317661727316727
1.0176346174851931
-0.16455364605530617
-0.2655921673397006
0.039127730872727334
-0.14013141288004285
-0.282022558090102
0.25782955058497414
0.0
0.0
0.5398498127685184
0.0
0.3254801688747187
0.0
0.45629642626730516
0.4633647071638042
1.0688765865061287
0.46887919016685203
0.45813462152760676
0.37057827048748626
1.4429181199880432
1.4911379075368174
1.4379097541950925
1.3906200513312117
1.343497061631838
1.3950616688157234
1.1508261655230712
0.6479365813743531
0.39461214474587214
0.715795844217596
0.796274332681004
0.5399542739467105
0.0
0.4752864486715283
0.0
0.0
0.244118942318865
0.25649542757673516
0.31930234089300236
0.5518741327265329
0.5490766070065266
0.8811535007746707
0.541935961470539
0.39776069860589064
1.5809028326650147
1.439587335710466
1.3017577158326947
1.4083399416209736
1.478855936180002
1.4513484459802322
0.7452778557088132
0.1399055749226234
0.6061748776615403
0.39794271714123264
0.39472045585807636
0.7120205731467206
0.0
0.0
0.5942721347043362
0.5743377969994173
0.0
0.7254049584485379
0.561536412029769
0.20298033527761883
0.5767714665462926
0.6234976648329565
0.41535880687143034
0.575895414521751
1.8822720921011638
1.8662694837404852
1.7728050710548058
1.9363048718844427
1.815861858017953
1.859217811409276
1.176231794472947
0.8881438303796506
1.2462050693962892
1.160173641807365
1.1748134103770664
0.926105347072614
0.0
0.0
0.4673326663186271
0.0
0.0
-0.0671179517387994
0.5171049069889974
0.16546849766445282
0.5097697804397932
0.4288668677903489
0.5149632304662182
1.0569205914167377
1.2965237712220588
1.2571337634178843
1.6455205132456292
1.2894228329131667
1.3050694688962712
1.2854991066099608
1.0045398616888004
1.0155654053110237
1.0003464808736748
1.0006941637687006
0.6560248983236762
0.7391855008568944
0.3678377573496965
0.0
1.0161595849458978
0.0
0.29823592592809495
0.0
-0.2832318565147062
-0.04699131622051428
0.08683948406015285
1.0078315219119598
0.016703930951244117
-0.054589234327255154
1.7057530232969225
1.5416423372180577
1.6311353376318354
1.7727267605688424
1.6149944787923607
1.7779898478226894
-0.49250368437134306
-0.19588972550185432
-0.23666436274143632
-0.24029698264191163
-0.0364524142548944
-0.16156690914863062
0.17269255274504705
0.42487413725540374
0.0
0.3263213464953205
0.2602762323366962
0.0
0.2614657173226879
0.24573442716473853
0.3796982174767801
1.0491179681925922
0.22786290330035508
0.29176050115538876
1.7314581525534716
1.7550438608772732
1.6884331360463491
1.5855231843164874
1.6863618640695226
1.5171224497295026
0.5508925136681818
0.4563585378201952
0.8158996341039523
0.5642753094585491
0.31035227632779977
0.4073219236022909
0.0
0.0
0.0
0.0
0.6747351804441133
0.0
0.34323260803081845
0.2685260954025154
0.12659126159919826
0.27326485568638803
1.037249312833797
0.22403065099112934
1.1733722228308276
1.2018438489887235
1.0721614001047264
1.2002398951780429
1.1637274782613996
1.1967341148647126
-0.0911513331571164
0.0947098096469596
0.02240908559086191
-0.2607205704494002
-0.19500295311057186
-0.1380706184262402
0.07675389169686216
0.0
0.9002417296116761
0.0
0.0
0.07675389169686216
0.3078674246621738
0.17028368365363433
0.24108774807102515
0.18423367696165927
0.7594357670134984
0.2450682564918775
1.2869592450461935
1.287936812054818
1.3551320724024514
1.2935457761143734
1.2479868084760588
1.3292982589287374
-0.21080882258864142
-0.27836265699714974
-0.39554479959293365
-0.48267936869361716
-0.22159656340172906
0.05757256126828894
0.0
0.0
0.0
1.1474569127672454
0.05425430754873979
0.0
0.25541714687977835
0.5823142989513287
0.18835468792978755
0.24685972155640568
0.268512066216057
0.10984882464695517
1.2926160336065955
1.3409724571649306
1.4576021162398312
1.2692629406028406
1.4093482151325165
1.2459741384194523
0.7114123044060338
0.793372331456385
0.6954206643074573
0.825458184840101
0.8158948017032751
0.8092540757116642
0.340405501686863
0.6341161136426269
0.0
0.0
0.7056819876588483
0.0
0.41468035432038675
0.41238626803234246
0.37262088933687226
0.43464324451101033
0.3641075852602043
0.6000427561582401
1.303964859442849
1.3823112807062063
1.3761545269900641
1.415988883491465
1.3148479064262506
1.344638917015639
0.5274753006660529
0.7738247704104153
0.7630365127264118
0.5839380318871438
0.7870822395172111
0.7898819441955928
0.0
0.9565029406238839
0.5869365449224169
0.0
0.0
0.0
0.4214700379549491
0.7175634077525909
0.4113420625824047
0.4012819065012605
0.4167971197942864
0.43196149814149853
1.1899273528868584
1.3498440163023437
1.276845342458088
1.3431786078855785
1.26663342549879
1.212579470253803
0.4392019485304507
0.3786324410848747
0.44767470422280176
0.648273402909646
1.114110134464536
0.6996915149834319
0.1628260929441525
0.7723859908443494
0.38372235471317506
0.0
0.0
0.0
0.34456079247208166
0.4410449460280911
0.34178643904148137
0.4487620295031008
0.30144118987091106
1.0630082716818783
1.284729145994294
1.3428013511583474
1.2918084799946659
1.3418952813784486
1.3147185369692178
1.1742102001048995
0.8482539849276997
0.8639765287735255
0.6290415556025297
0.6447061361967478
0.8871045627749983
0.9088059212723555
0.0
0.0
0.0
0.0
0.0
0.5560034393185773
0.5676022886987202
0.5069212250963472
0.5019829417509563
0.33252767704948116
0.5041487624181261
0.7646284690416615
1.5985950403896025
1.531014246849626
1.420488507112916
1.5763239605000314
1.5181088454296598
1.466271524694299
0.3774235609191155
0.7865247411679909
0.5874250473457774
0.3404004849242052
0.7052695774900515
0.7105096937508554
0.3081964381371637
0.0
0.0
0.0
0.0
0.8242460305503123
0.1300408704616141
0.1471078751649903
0.24530745223148867
0.11223415429071154
0.25059971565735767
0.6399785943336209
1.1694818093241632
1.1971235082248532
1.1416917911765654
1.2015653050953679
1.2205125030501007
1.2493008084238308
-0.1417767897190288
-0.3306634660140676
-0.11846189073612655
0.39905250463625286
-0.32055165222143156
-0.31161445767489876
0.2108798879266569
0.0
0.06481599619769361
0.5307525463926767
0.0
0.0
0.4127237799094823
0.43723501972842294
0.4347393627487903
0.9013811551106076
0.41779501413964487
0.39309460478011
1.4093139338609495
1.3845001316149783
1.3972975856659107
1.5395560677709599
1.3838653815170483
1.4400725117842461
0.3599899294663489
0.2575603586355227
0.31158043531299734
0.3270044395138652
0.24260323461917574
0.5865164745293255
0.0
0.0
1.717732109853972
0.0
0.0
0.0
0.24271472748334527
0.3853683131440137
0.34596273056897614
0.296894725263108
0.2760458789669965
1.0663439093780398
1.4362871834457724
1.4502627892587099
1.3647786424297736
1.3000239050020213
1.416428706349113
1.4903893238209975
0.0015307529962668431
-0.14255207172276382
0.16208364144648751
0.16897409651950301
0.21934082184855055
0.013093527789865667
0.0
0.0
0.0
0.0
0.0
0.0
0.5148049547825176
0.5055499355789788
0.5001395790089527
0.5114161401283552
0.4412332598342756
0.3916701450633423
1.6088730215284692
1.550932635955846
1.6781584523670559
1.6364301445785472
1.6467189538722906
1.4552191494993307
1.4954785477164605
0.8520530599005777
1.18178608340408
1.1027916610602042
1.0583704290301987
1.0210766327568364
0.0
0.0
0.0
0.0
0.0
0.34534991710395313
0.5156023519070383
0.519453754196606
0.5791828682329994
1.0945645603228131
0.5204748296394022
0.40359917751590535
1.8196023080806454
1.936658096975501
1.8530278743794117
1.8357985323728414
1.9894954788639005
1.7455395930007214
0.7656200055754669
0.8399244436545686
0.8989609163742031
0.8619240611425385
0.5836556183146366
0.7439993962861589
0.610053047333939
0.7139225324470273
0.6121626778006395
0.0
0.4669338986206874
-0.2
0.7483299851170679
0.7512864633531786
0.7413789189202339
1.2705797146448843
0.5438743349865032
0.7198138523937492
2.178855804307452
2.229433300224788
2.248004484317536
1.9500397485269567
2.1377917143306933
2.0201778025799415
1.3792737460548685
1.3033070449060777
1.4197538415521118
1.6550214448796163
1.4571195529437793
1.11796502771656
0.0
0.02772893232109355
0.0
0.5916609010516531
1.1647107226222282
0.0
0.4804238943226604
0.47144909765421367
1.0097599272776072
0.5925588318299643
0.5061964327132733
0.5202028147467188
1.489118028106588
1.5482551723701736
1.5302297416827155
1.4549849990307624
1.5353835179917064
1.4573879229397324
0.355692412605372
0.46798775469100573
1.1039010243828236
0.4181516509962533
0.28248696147042435
0.15606552892669198
0.5030096364692767
0.0
0.0
0.0
0.0
0.0
0.21994240014829258
0.3507770647439925
0.22350615350249703
0.18489386852264694
0.8703134625855247
0.28373713180505267
1.685459193079303
1.997103936395662
1.5411608577175029
1.6783037661955178
1.5545005632809095
1.7721303565070263
-0.08954034913951245
-0.027719989660508787
-0.05050636409555467
0.15951559734805862
0.03272267070762752
-0.24988438083157274
0.0
0.5040041186999872
0.0
0.6227508513286559
0.0
0.0
0.5562552190307188
0.6092225603279616
0.6009176367548344
0.552234278587397
0.6698324504395736
0.8912623336668258
2.5657758802854236
2.4624914041334156
2.2968970002751012
2.3569065439642127
2.294043675614346
2.3799384776081483
0.5235673865355013
0.6408873295465927
0.7758863805993603
0.7836551532265704
0.7441531328692039
0.6361517036280269
0.0
-0.040869201303681414
0.6410648176229459
0.6233643797114153
0.0
0.0
0.4761853403983932
0.33858369751876577
0.3848700058483697
0.9618187282723838
0.4564458006791095
0.3310107801891705
1.588904479679529
1.4875743853799994
1.4615665880955637
1.5290331325550142
1.50898438530541
1.4610704026174477
0.08938724781374857
0.48544009842024827
-0.1413921813540257
0.15086562122309755
0.06682760627030793
0.059210758945193245
0.6674151508133903
0.0
0.0
0.0
0.0
0.0
0.46001050206428895
0.3870494254854862
0.4237839431658763
0.7708844919701687
0.3649828083765154
0.3939389883402705
1.5718099464812743
1.6999220162323707
1.6470243340982824
1.694942620875379
1.5577691762464092
1.7447034948414086
0.28525456280665273
0.3883824948908069
0.3529575829524228
0.38960193060487036
0.45848903303131056
0.6506151218489842
0.12073295196912741
0.0
0.0
0.0
0.0
0.0
0.8787714611037545
0.8466240070518665
1.0431145307602567
0.8434094604153579
0.7176066511546004
0.8443982610286016
2.2945216001212967
2.16885302944173
2.2091156214900867
2.110150929443929
2.3074971203695678
2.4084448897553297
1.3731379030086557
1.5782447406481448
1.4098042448287906
1.4707728676065968
1.3550254976538043
1.5073128987588327
0.0
0.0
0.6612062899998719
0.0
0.5961268628628925
0.0
0.6806878946654038
0.7076647102443316
0.7060752863844115
0.7000047570382087
0.738283456064879
0.7055314245415134
2.1457898580839196
1.864655417454646
2.0094852792321576
2.113873975586082
1.9346988523152637
1.9759992806978368
1.2256827496319032
1.320399836448675
1.1472096441005404
1.2297784038121597
1.3234685778487223
1.0106899453270906
0.0
0.0
0.37183875122224813
0.0
0.0
0.6291730929147982
0.5603326801674388
0.9230387689465982
0.4865642149225741
0.5363805587360598
0.5666044428753627
0.5590796188081871
1.7692283539198086
1.950919053889142
1.8255141814130376
1.9091929849818188
1.8884532940741414
2.0275741241502088
0.7580331943488318
0.8762226138880798
0.6728270688863945
0.9192495145627231
0.8945310637651427
0.9501177990133571
0.0
0.6019699360758222
0.0
0.0
0.0
0.0
0.730780052255829
0.7325958458469225
0.7285031213749124
0.7397526441717136
0.7636420111021676
0.7477994503337073
1.9463718166432082
2.028910782306291
2.0367890310702763
1.8463215009179008
1.98959111317378
1.7986842264232865
1.0504819453427392
0.9951634320245862
1.0172385672025415
1.1154913457618294
0.7925361018456465
0.89670578770143
0.39977814115624666
0.7818360034986395
0.0
0.0
0.538043477064397
0.0
0.4567302343990707
0.453702866527766
0.459998338954751
0.4605770257224273
1.0764980054237663
0.35259102338518605
2.592238179920212
2.4588021611268767
2.540867192127207
2.8252748178583973
2.491971650679359
2.7724831036306123
0.4593527363276872
0.8101119076261005
0.7374172317978004
0.5184922050751419
0.8018298569616059
0.5884775693214178
0.0
0.2716528394501258
0.2804021237976731
0.6687693857562943
0.612858130039916
0.24639001964098153
0.7713066163274377
0.7745513335194941
0.743076777607376
0.7724603237976412
0.7996331460884443
1.0592043917189513
2.3924956520491523
2.3774477235838187
2.1545658634519
2.23990178656197
2.4553258011911314
2.2096634594068267
-0.02306226920240953
0.014570004585537477
-0.08092743814547718
0.007022038580789786
-0.1384542597780032
0.7056920901460408
0.0
0.0
0.0
0.0
0.46906085580725365
0.0
0.6047144994710842
0.6107220215083319
0.6051984521999753
0.9278017552422262
0.601932208810566
0.5208314792665012
2.0403407460601968
2.008512553610698
1.904092691082332
1.795895867020357
2.0151705397701405
1.95162341497612
0.5496457455126971
0.22221029828367378
0.3811016485178268
0.4547219492738507
0.31950683666369917
0.14967479319948107
0.7279749806739421
0.0
0.0
0.5977064467765111
0.0
0.3140187193527879
0.5404891072285645
0.5113395532444569
0.4147001605053299
0.5434447327405085
1.1713020897032134
0.5369762780935828
1.7557915707002012
1.6974415521511506
1.5743167137270093
1.7270019446598939
1.6852072157584637
1.6127477460221507
0.1765150488749601
0.492883012036207
0.12006228360183144
0.2894018680667648
0.327200687027716
0.26822035610478573
0.5958513333504218
0.1563032577000606
0.5943198048880682
0.0
0.0
0.0
0.6599000220036254
0.6342705844677243
0.7628626179476117
0.5173849699707475
0.5594708560545604
0.5600885391326924
1.8052941766688257
1.4464788268561608
1.7612821750684065
1.735312634047847
1.7304986819140864
1.9483950176690321
1.0488726726545228
0.33446977139839096
1.0601615695582953
1.0107487027009818
0.9131976718611554
0.2279393659992294
0.6037285009797739
0.0
0.0
0.0
0.0
0.0
0.8288315598027322
0.6744780451785167
0.7412233089625136
0.7475136375669673
0.7008712028857578
0.7387683422349816
2.0099239390170194
2.065360409213195
2.1386838911171626
2.016169128404984
2.113325302060013
2.1207939172565187
1.0199729192332032
0.9465135252274621
0.7991985691254522
0.9968847456658025
0.7686825851063654
0.7183552821635351
0.0
0.0
0.0
1.218490540425445
-0.08528032196745775
0.0
0.9684782159937635
0.9510446238200251
0.9677749301888656
1.0233052543324006
0.9544945684593715
0.9985364500935248
0.6700887078927902
2.3749689523381665
2.3186642022391775
2.369938572881175
2.0598568338926557
1.7470928704717663
1.1280291298355332
0.7944100109094278
1.3486968464194644
1.1587485940017566
0.3037469722071321
0.6389005699039023
0.0
0.0
0.0
0.0
0.0
0.05564505216343259
0.6601778495932104
0.6397109374953398
0.8509887818491436
0.655555974022494
0.6623927024017776
0.6642108021198738
2.305756781735207
2.040170099778281
2.2404138605210897
2.085853540613227
2.1298188739466046
2.160618877204335
0.9303225329651094
0.7068594033215558
0.9494727200117626
0.7718753730104093
0.9170919574253147
0.7593202603292648
0.0
0.2768408090955893
0.0
0.0
-0.06600644442746376
0.0
0.14225109136981504
0.2313311363724827
0.19608055851978753
0.1680074971192534
0.6334408529432788
0.15264696118978915
2.2500379400277044
2.050599583708081
2.168210199611784
2.336891855882969
2.0531289449714305
2.17908217054385
0.083557980072069
0.30769097496520315
1.0266977938610014
0.3006691886982129
0.08324471685642659
0.32269321225366415
0.2316640363121124
0.0
0.23982097091282129
0.6882683206654732
0.0
0.45951949743723647
0.9309745126813992
0.866262749433379
0.878489749140378
0.874109114495734
0.8642014384604673
1.110920038908674
2.225883903195059
1.9684938771600624
2.0564019582291615
2.0505370075520584
1.0284625748262652
2.1948483022238245
0.47164126862519956
0.4343785951974787
0.561674733811153
0.7545674803509534
0.49126023023428717
0.26207958257182884
0.0
0.0
0.0
0.0
0.0
0.0
0.6543113898500197
0.6615777880197445
1.0078740527519074
0.6686096770104459
0.6650619172517991
0.6604220234444318
2.2938536135353558
2.4607128780237884
2.4942597873762278
2.2105232566130573
2.496104048784797
2.3477151783477113
0.7853320928035527
0.8967124066799507
0.8153601633027461
0.9395145098467672
1.0739252748662675
0.9718702082098929
0.0
0.9086111127961696
0.6389753658125406
0.0
0.0
0.28556633723477537
0.6951829568118292
0.5344869776767953
0.8036286034662322
0.862297439825764
0.4959585957615761
0.5850455356969537
1.6054244785836416
1.0364044952177731
1.5733703872271916
1.712153810242207
1.5954764395282106
1.1246654632685482
-0.27787565205811565
-0.4533498371649473
-0.3017003163202049
0.26023563852507875
-0.37070469879411555
-0.4102783609718785
0.0
0.0
0.0
0.0
0.0
0.6446666951382255
0.9793952077255732
1.0844393749318848
0.9794885555628701
0.9993919955790302
1.0884373199780517
0.9218026760018494
1.8665738885018064
1.6456958020726393
1.3208239781063535
2.6225560376122576
2.7356748557709287
2.824241059933981
1.3113249106909584
1.871990530546539
0.5273785154986932
0.6298245124349147
1.8292467730818438
1.7549346888275514
0.0
0.0
0.0
0.0
0.0
0.0
0.8300131542485155
1.2350658967285009
0.8240977025854198
0.8099948757615854
0.8397441725974297
0.8518407336489459
2.411832180982265
2.6739910676554173
2.6955592344371686
2.4703426756716564
2.476144840292489
2.541985589415582
1.192323690044001
1.2747279029116876
1.0264894728256788
1.0788524061848985
1.2650774339841064
1.2219902836373773
0.0
0.0
0.0
0.0
0.0
0.7351947241785699
0.8471746925749163
0.8579830868474233
0.8418293034567588
0.8473619059242273
1.3700407657001479
0.9106386080352994
1.940794985424104
1.9307840217024121
2.1393501365177614
2.0906355821472187
1.9999211057580255
1.9753588517644205
1.637967705130535
2.025070953276113
1.4304269509210088
0.8712485798518266
2.0597992025516314
2.075721822799776
0.0
0.5305362380684061
0.0
0.0
0.5581453338600071
0.0
0.5120136832411775
0.5797262384900483
0.14475177524125243
0.6778327249791413
0.7274318606199522
0.8563342321934031
2.3505206940726167
2.476061115536031
2.1522694525812764
2.3628361535246927
2.335552675141179
2.597232334664467
0.7186951017665492
0.5958878446991881
0.835243901769136
0.8526366191745295
0.5569282130836968
0.5152076814209151
0.34117991635276096
0.8527551594787324
0.0
0.0
0.0
0.0
0.9892981169914902
0.9765244941096567
1.1356440761448037
0.9978764321973874
0.9756777528438774
0.9913996715381463
2.2472123457126694
2.8423617445271363
2.5847743548720072
2.7516680378732277
2.9790411760868105
2.773298173904683
1.6653567381494858
1.650432449469393
1.835792415112695
1.4751747584997645
1.7951989148237015
1.8342711038341002
0.0
0.0
0.18131477458656634
0.0
0.7387095765424364
0.22627530779986663
0.9418886524916813
0.9843537059268207
0.9181356475433977
0.9704768909639819
0.9551110235366604
0.9512334109245427
2.281148517443445
2.2733279332778387
2.0916422372805292
1.680115679409739
2.38507136306098
1.9871238127260964
0.8003551816172566
1.0455413807390486
0.7328417729560177
1.0167451948750228
0.9726726993449979
1.096501726231689
0.0
0.0
0.0
0.0
0.0172475145058284
0.0
0.6656851075115913
0.7094584880929237
0.7031349724254343
0.6923319887686123
0.694256114345901
1.2726053458567286
2.2974168455724993
2.548385655149278
2.2555647476848493
2.434810713349757
2.356863806179946
2.3080698356818323
0.7554564101961134
1.0699792176186864
1.0526986080376708
1.0037726353701066
1.0432311829684933
1.0825809259282215
0.0
0.0
0.0
0.8552987675995638
0.0
0.0
1.139371950135358
1.1646818739272868
1.1341301398314432
1.1342538447243948
1.091682648072295
1.1128529051997393
2.4866033271042034
2.1620230360366204
2.111596932616031
2.745055752548391
2.859276017731737
2.419515135366482
1.1549232091324018
0.9203054876886838
1.1178574147752565
1.203471044423871
1.0825182897216874
1.0729709341737912
0.0
0.0
0.0
0.0
0.0
0.0
1.3738896482775083
1.3772861235051013
1.229322229611407
1.3724160316734582
1.4905621786796388
1.3197447316527877
0.7738118335792734
0.573832412539155
0.0
1.1949027768989753
1.6482011429765842
0.6215278800715459
0.48495460692609244
-0.05616080589635841
1.5698678941116255
0.33016826465737176
0.0
0.03125054893270369
0.5352657149498031
0.0
0.0
0.0
0.0
0.0
1.6465780859695047
1.4226076679472126
1.7109662378985893
1.6759360431848538
1.5466268461010162
1.4913811474531946
1.5227659333431083
0.12652697881095987
1.7668234081854415
1.0005356392986158
0.4515488205572291
0.7447144779676478
0.8511600695078014
0.2686832280757592
1.0902098307757726
1.7767287954259008
-0.331703844481539
-0.2295306416218627
0.0
0.0
0.0
0.0
0.0
0.0
2.2835527906106994
2.026240332135057
2.294053479280464
2.256525724670051
2.1883592187012364
1.8388587511995007
0.8376898046197971
0.0
1.3104006552086083
0.4466222496120378
0.47793460210210226
0.32758169267984033
1.2307408600879322
-0.39151544574777186
0.8606863698406065
0.24804373684491196
0.03956939735845205
-0.14450568602276256
0.0
0.0
0.0
0.0
0.0
0.0
1.3164979670636139
1.303885141011298
1.0878866536437577
1.2049240805256345
1.7930533584527584
1.212080919272571
2.106132843061657
1.8633660539697834
1.5686453030661438
2.094309807753855
2.0524278144377726
1.9444046293586181
1.7898836944123366
0.6715088980858979
1.8479163657733664
1.8596703912752766
0.35062760601245635
0.6837252664453075
0.0
0.0
0.0
0.5926774057382335
0.0
0.0
0.8819346395398011
1.3833562806579145
0.8647451841417606
0.8490223399681204
0.6466728609675416
1.0632801705839334
1.7050342987102194
0.4637850986351666
1.3893572530038116
0.6166882959940445
1.7421529479141191
0.6783021458294151
0.04033713947473619
0.09209779849599761
0.12784938689670428
0.1959470990380905
0.8504006601075949
-0.19357984019516927
0.0
0.0
0.0
0.7851133075472266
0.0
0.0
1.5316395964574476
1.5455031965523665
1.280129966280213
1.5624595182107557
1.541459460492881
1.5792761700551556
0.0
0.2055254860602728
0.799887020234541
1.7190424699886073
0.8877543819384267
0.0
0.7138700027089209
0.269638296902852
0.891296122310246
0.6620973918124465
1.9722044718437113
0.12200276420972489
0.0
-0.01491083028282163
0.0
0.0
0.0
0.0
1.1223996209150404
1.2318622871289424
1.1291156764336476
1.0070352576964652
1.145497325678316
1.1262604215095324
2.2397479455199316
2.4469985050072767
1.340834244933637
2.2056557099194634
1.4273840053972844
1.1091506540084628
1.1883774966807625
-0.10993899487531844
0.8757003320244878
0.9236695019563574
1.047036359583424
1.180939806514992
0.0
0.0
0.0
0.0
0.0
0.03332189227582072
1.4877846535537556
1.503673572369972
1.5230634759387665
1.5076063642915143
1.5091496464808603
1.2083773541368346
0.886359602663356
1.3224787120848003
0.6317728494589531
0.8063253663785458
1.625662344364005
0.7239911155238049
0.4892700165077114
0.9971891852520073
0.7925983864608084
1.1455580544668942
0.414020508737604
0.6968850862067746
0.0
0.0
0.0
0.0
0.0
0.0
1.9986549555465771
1.9582142196018315
2.0554304736363074
1.7488259376870983
1.990042242125432
1.7227550304150776
1.3728860418781308
0.0
1.6649665050237876
0.0
0.44993194348528026
0.5211618503921566
0.0
1.5523149622300412
0.0
-0.31394436919932783
0.6214144417384535
0.4153223226720315
0.0
0.0
0.0
0.0
0.0
0.0
1.3210496407890355
1.3868469667839913
1.3474084411370646
1.32464375891091
1.3765207573079765
1.3673461994868794
1.6608711475802291
1.4679538696994556
1.1704250055297822
1.7349081567562183
0.8460402464350505
2.442672934159394
-0.12099444261741248
1.5981748284738848
0.2559697362253549
-0.04644481343500513
1.251080391348562
1.4242630359584139
0.0
0.0
0.0
0.0
0.0
0.0
1.5869641942141175
1.2664098844631386
1.2644368602960014
1.2413064141214312
1.2617990832854635
1.0853487316517734
0.8702969162783385
0.0
0.0
1.6620222726408822
0.0
0.4006668432527679
-0.26653871875919316
0.1931329864164743
-0.6000000000000001
0.4478603417384628
0.4084481333638305
1.3976171890706477
0.0
0.0
0.0
0.0
0.4553406369306407
0.0
1.3165171605884882
1.3355186124296032
1.2405300416714322
1.3564150509826507
1.3365662874729045
1.2935252496667775
1.2855566358436665
1.5030504529019462
1.6733143193277455
1.2542786694459092
1.619143699604764
1.3973560182767277
0.9381226072299775
1.788300190099005
0.5087353648654309
1.1872405184673425
1.8053019247808835
1.7071663452076586
0.0
0.0
0.0
0.46776899161326524
0.0
0.0
1.6369471594993092
1.7019104343702254
1.657661266995411
1.651425393210169
1.6692964909327621
1.660501472290389
2.1938315476167123
1.9555590955403932
1.3073280571754657
1.3248683931672756
0.35950446457477503
0.7219372548991221
0.7736427726879365
0.565578105914663
0.6887111237455696
0.663314838123956
0.7679187385238301
1.3150215713173217
0.0
0.0
0.0
0.0
0.0
0.0
1.088311539520872
1.569800856575622
1.5615775955572073
1.5338307045675288
1.5232191345399624
1.5683656461747222
1.7396239428840286
0.0
0.5331473776339607
0.6800712147474386
0.9002419080865356
0.9860747532090757
-0.12762259687887614
0.021396171214070503
0.22099041028597766
-0.0838985917778101
0.4661296207302203
0.06770511517730543
0.0
0.0
0.00758054798774257
0.0
0.0
0.0
1.1369273538400069
0.8052219269955516
1.0775036877176054
1.1950959974251303
1.0522879361984634
1.0275548167249482
0.2822236744158882
0.7578342486491454
0.0
0.517540409516542
1.646263159615456
0.7662736928249263
0.45176487031740964
0.2561534601230072
0.39326060608634006
0.25227002412003285
0.23983458665689672
0.5743715449980739
6.192992408852849E-4
0.0
0.0
0.0
-0.15228755936656002
0.19652523281865958
1.2946287783264925
1.1055785940354652
1.4426024483210798
1.3573686767247715
1.2892064158502168
1.1080121334097908
0.5269261074616622
1.819413039697261
0.29350704457414933
0.0
0.5447629950097141
0.6582002276324166
0.0
0.49586974667384504
0.951761422336561
0.6470749235809511
0.0854170797787542
0.4053201234570649
0.0
0.0
0.0
0.0
0.0
0.0
1.8600198805336594
1.0452950994985841
1.008530233176129
1.3552082418438127
1.1788930560511692
0.32456033024326136
0.6077178491823007
0.0
0.0
0.0
0.0
0.0
0.0
0.0
0.04983820694309401
0.0
0.0
-0.2
0.0
0.0
0.0
0.0
0.0
0.0
0.5025083043840525
0.4246306768902117
0.09052676636653852
0.3322621141390987
0.6612279407809196
0.1739190468710516
0.0
0.0
0.0
0.0
0.0
0.0
0.0
0.0
0.0
0.0
-0.2
-0.36000000000000004
0.0
0.0
0.0
0.0
0.0
0.0
0.05437549312139697
0.3390324421393978
1.4172797633423269
0.4471015018010221
0.22140253667385412
0.46589838680871337
0.02032542720000001
0.0
0.0
0.14114880000000005
0.0
0.0
0.02032542720000001
-0.35097108480000005
0.0
0.0
-0.2
0.050160640000000006
0.0
0.0
0.0
0.0
0.0
0.0
1.57463411499358
1.5877125979300097
1.6557788996271472
1.6551058625573631
1.4093597991913762
1.7546101903059454
0.0
0.22024567733540049
0.2889213579248202
0.0
0.0
0.0
0.2262333579264001
-0.309117355573248
0.07056000000000001
1.287528538682003
-0.36000000000000004
-0.3396745728
0.0
0.0
0.0
0.0
0.0
0.0
0.07746037688026175
0.1745817035748698
0.0760531487013041
0.0023493899237325964
0.5942993539374497
0.004228901862718674
0.0
0.0
0.0
0.0
0.0
0.0
0.11460716118877765
0.0
0.0
0.0
0.0
0.0
0.0
0.0
0.0
0.0
0.0
0.0
0.11141284776331345
0.23156576701407838
0.045084705793169574
0.12712639058251587
-0.24543137895052658
1.2227841868784732
0.0
0.0
0.0
0.0
0.0
0.0
-0.5019222114245127
-0.12116206873153253
-0.33358669594796264
0.2937960020155831
0.0
0.045084705793169574
0.0
0.0
0.0
0.0
0.0
0.0
0.46689722097611774
0.3635027328297234
0.6144267824687673
1.1941315320582668
0.4890652797866624
0.4933279154486412
0.0
0.1355884317231979
0.0
0.745724060978767
0.0
0.0
0.11890555122570892
0.0
-0.1207041135224938
-0.15322874240126416
-0.11959522212669138
-0.237966819675078
0.0
0.0
0.0
0.0
0.0
0.0
0.6251493716228298
0.02166649401815267
0.9091772737068362
0.4616145927414207
0.636583877569429
0.43035125324476914
0.15607146234030334
0.16527596742515593
0.08309062669345574
0.0
0.5711022395366715
0.0
0.0
-0.2
0.37871506391838133
0.0
0.0
0.0
0.0
0.0
0.0
0.0
0.0
0.0
-0.07586588210903422
0.034823760736237296
0.02626153968085628
-0.17332468397175996
0.02647037434074362
0.1288094245590664
0.0
0.0
0.0
0.0
0.0
0.0
-0.2
0.0
0.0
0.0
0.027010586061983286
0.2893808058310711
0.0
0.0
-0.19760266334313004
0.0
0.0
0.0
0.23306779246270581
1.0370330852242324
-0.46935461531331746
-0.0013013934322461257
0.2523913049819656
0.15714233158505186
0.0
0.0
0.0
0.14451203468310483
0.0
0.0
-0.10721013664361644
0.10793259072778713
-0.20961013664361644
-0.10721013664361644
0.3624274268612432
0.4125452533119406
0.0
0.0
0.0
0.0
0.0
0.0
0.9957184146382942
1.2863517643331202
1.0232849859041249
1.0102108079855583
1.2644676323533162
1.0351279412431569
0.0
0.0
0.2077136798819217
0.0
0.0
0.0
-0.2
0.31520189050876196
0.0
-0.11130660512575702
0.07533777893105734
0.0
0.0
0.0
0.0
0.0
0.0
0.0
0.3233990713470637
0.29756399409839646
0.4698209184423014
0.04761242638924256
0.4956973406754383
0.4322979669930474
0.0
0.4145709261899768
0.0
0.0
0.0
0.0
0.0
0.09274108263468332
0.0
-0.27130660512575705
0.8946710385291277
0.01331853698261109
0.0
0.0
0.0
0.0
0.0
0.0
0.5317177892565761
0.8951054156767876
1.3621504926987877
1.0542163430656097
0.8452188227554727
0.7238833597421276
0.0
0.0
0.06914880000000002
0.08319193040067029
0.0
0.06711982981069368
0.0
0.15397324553414227
0.0
0.0
0.0
0.0
0.0
0.0
0.0
0.0
0.0
0.0
0.7684201581623203
1.220042856618338
1.2303739986809705
1.0517649017937258
0.7196047413584175
0.7395137528762148
0.0
0.0
0.0
0.3403268877918451
0.0
0.0
0.0
0.0
0.031967999999999996
0.0370357632
0.0
0.0
0.0
0.0
0.0
0.0
0.0
0.0
1.5020171103980293
1.4734110235233555
0.7406789489990246
1.0176795759921087
1.8907049321769172
1.4659547881866088
0.0
0.30303139527439305
0.0
0.40180284708925823
0.3615913520215271
0.0
0.0
0.0
0.08496000000000001
0.0
0.0
0.0
0.0
0.0
0.0
0.0
0.0
0.0
1.2585849527266366
0.8869609478392037
0.60390814200288
1.2920088555643785
0.59026597696194
0.8314515850078983
0.24868600789775056
0.0
0.07145629279856644
0.0
0.08281473753953054
0.0
0.0
0.0
0.0
0.0
0.0
0.0
0.0
0.0
0.0
0.0
0.0
0.0
-0.4
0.0
0.0
-0.25600000000000006
0.0
0.0
0.0
0.0
0.0
0.0
0.0
0.0
0.0
0.0
0.0
0.0
0.0
0.0
0.0
0.0
0.0
0.0
0.0
0.0
-0.4
-0.2
-0.12683575296000005
-0.04194304000000002
-0.2
-0.2
0.0
0.0
0.0
0.0
0.0
0.0
-0.2075497472
0.0
0.0
0.0
0.0
0.0
0.0
0.0
0.0
0.0
0.0
0.0
-0.12800000000000003
-0.2
-0.026843545600000015
0.0
0.0
0.0
0.0
0.0
0.0
0.0
0.0
0.0
0.0
0.0
0.0
0.0
0.0
0.0
0.0
0.0
0.0
0.0
0.0
0.0
0.0
-0.16000000000000003
0.0
0.0
0.0
0.0
0.0
0.0
0.0
0.0
0.0
0.0
0.0
-0.2
0.0
0.0
0.0
0.0
0.0
0.0
0.0
0.0
0.0
0.0
0.0
0.0
0.0
0.0
0.0
0.0
0.0
0.0
0.0
0.0
0.0
0.0
0.0
0.0
0.0
0.0
0.0
0.0
0.0
0.0
0.0
0.0
0.0
0.0
-0.10240000000000003
0.0
-0.13107200000000005
0.0
0.0
0.0
0.0
0.0
0.0
0.0
0.0
0.0
0.0
0.0
0.0
0.0
0.0
0.0
0.0
0.0
0.0
0.0
0.0
0.0
-0.10485760000000005
-0.16000000000000003
-0.10240000000000003
-0.20480000000000007
0.0
-0.08388608000000004
0.0
0.0
0.0
0.0
0.0
0.0
0.0
0.0
0.0
0.0
0.0
0.0
0.0
0.0
0.0
0.0
0.0
0.0
-0.2
-0.16000000000000003
0.0
0.0
0.0
0.0
0.0
0.0
0.0
0.0
0.0
0.0
-0.36000000000000004
0.0
0.0
0.0
0.0
0.0
0.0
0.0
0.0
0.0
0.0
0.0
0.0
-0.08388608000000004
-0.10485760000000005
0.0
-0.2
0.0
0.0
-0.16000000000000003
0.0
0.0
0.0
0.0
0.0
-0.48800000000000004
0.0
0.0
0.0
0.0
0.0
0.0
0.0
0.0
0.0
0.0
-0.006656998743559062
-0.20941168601842747
-0.29035973836800005
-0.0069451991437516555
0.0
-0.010995116277760009
0.0
0.0
-0.2
0.0
0.0
0.0
0.0
0.0
0.0
0.0
0.0
0.0
0.0
0.0
0.0
0.0
0.0
0.0
-0.21583296743997443
0.0
-0.04194304000000002
0.0
-0.2
-0.08356799069552645
0.0
0.0
0.0
0.0
0.0
0.0
-0.36000000000000004
0.0
0.0
0.0
0.0
0.0
0.0
0.0
0.0
0.0
0.0
0.0
0.0
-0.2219798691840001
0.0
-0.2
-0.44800000000000006
-0.25188682956800007
0.0
0.0
0.0
0.0
0.0
0.0
0.0
0.0
-0.2
-0.2
0.0
-0.48800000000000004
0.0
0.0
0.0
0.0
0.0
0.0
0.0
0.0
0.0
0.0
0.0
0.0
0.0
0.0
0.0
0.0
0.0
0.0
0.0
0.0
0.0
0.0
0.0
0.0
0.0
0.0
0.0
0.0
0.0
0.0
0.0
0.0
0.0
0.0
-0.10485760000000005
0.0
0.0
0.0
0.0
0.0
0.0
0.0
0.0
0.0
0.0
0.0
0.0
0.0
0.0
0.0
0.0
0.0
0.0
0.0
-0.2
0.0
-0.2
0.0
-0.2896691200000001
-0.08192000000000003
0.0
0.0
0.0
0.0
0.0
0.0
-0.36000000000000004
0.0
0.0
0.0
0.0
0.0
0.0
0.0
0.0
0.0
0.0
0.0
-0.4
-0.2
0.0
0.0
0.0
0.0
0.0
0.0
0.0
0.0
0.0
0.0
0.0
0.0
0.0
0.0
0.0
0.0
0.0
0.0
0.0
0.0
0.0
0.0
